#comparision operators

5 < 6

4 > 3

5 <= 3

4 >= 4

2 == 2

2 != 3


v1 <- c(1:5)
v <- 2
v1 < v
