x <- 10
x  < 20

x < 20 & x > 5

x < 4 | x > 11

x == 20

!(x == 20)

df <- mtcars

df[df$mpg > 20,]

df[(df$mpg) > 20 & (df$hp) > 100,]

